"key","old","new"
"q00020080_00_43","あらたな異変","A Fresh Incident"
"q00020080_00_43","魔赤島に渡り新たな魔物に襲われた
ガルドリンを救助する","Go to the aid of Gurdolin, who has been attacked
by strange new demons at Bloodbane Isle"
"q00020080_00_1735","クラウスと話をする","Speak to Klaus"
"q00020080_00_1734","魔赤島に向かいガルドリンを探し出す","Go to Bloodbane Isle and find Gurdolin"
"q00020080_00_1733","出現した敵を討伐する","Defeat the appeared enemy"
"q00020080_00_1732","謁見の間のジョゼフに報告する","Report to Joseph in the Audience Chamber"
